9.484499999999999
20.8948125
29.966875
47.1063125
59.3645
86.504
108.02131250000001
129.49256249999996
131.52649999999997
138.08418749999998
171.900375
204.42949999999996
232.93656249999998
245.73337499999997
265.9495
297.78487499999994
302.7721875
327.8735625
397.35775
405.86587499999996
407.02293749999995
435.670875
470.39637500000003
481.72206249999994
502.50999999999993
547.999
523.017125
547.6125
578.6567499999999
608.9649375
648.33725
668.277125
694.5390625000001
715.9497499999999
736.9376874999999
739.2789374999999
751.58925
767.4729375
815.2845000000001
944.9348750000001
943.5837500000001
993.6651249999999
990.5559375
1034.1570000000002
1068.8251874999999
1137.64375
1101.21025
1093.8274999999999
1131.665
1193.897