8.3059375
17.486250000000002
31.719125000000002
41.2343125
55.3149375
74.64587499999999
84.54568750000001
94.1490625
112.9145
131.62043749999998
149.67275
172.48525
180.14681249999998
213.1223125
235.01793750000004
251.02406249999999
254.49249999999998
285.629625
326.96762500000006
351.8520625
366.15774999999996
383.9525625
411.27799999999996
416.49756249999996
443.5545625000001
459.0351250000001
498.6415625
473.79625
535.6423125000001
549.1708749999999
559.9114375
590.99775
594.684375
661.0595625000001
633.2500625
650.2571250000001
735.3689999999998
534.3233749999999
650.4703750000001
727.0834375
792.0849375
822.9511249999999
949.6666875
942.4436250000001
949.96625
978.827125
936.3612499999999
1000.5125625000002
1041.600875
1062.61037500