31.315437499999998
70.2743125
98.52106249999999
134.375875
171.241125
201.55406250000001
225.98049999999995
261.938875
304.4061875
332.9834374999999
376.48543750000005
403.6199375
441.2220625
478.2165
505.35925000000003
541.7423124999999
581.6558125
613.3265625000001
637.4949375000001
673.8774999999999
705.5738125
813.1651875
835.9673750000001
879.2686875
915.3058125
940.7069375000002
970.6288749999999
990.5108125000002
1075.0760625
1053.1398125
1073.61275
1101.89975
1129.93025
1172.586875
1213.4185
1250.9454375
1289.637625
1324.4776875
1363.827625
1407.8684375000003
1435.6693125000002
1460.8705625000002
1530.2659999999998
1567.329
1634.4406874999997
1774.6130625
1665.4260625000002
1698.47475
1729.8904375000002
1756.81306250